metric,period,target,threshold,owner
