period,system,issue,severity,owner,due_date,status
